1313362
1313363
1313370
1313373
1313375
2573405
1313376
1313378
1317574
2594801
1317582
1317583
2575877
1317585
1313362
1313362
1313363
1313370
1313373
1313375
2573405
1313376
1313378
1317574
2594801
1317582
1317583
2575877
1317585
2573396
1317592
1317760
2561276
1317764
1317772
2573379
1317904
1318457
2664037
1318458
1318461
2575873
1318463
1318467
1320025
1320028
1320032
1320034
1320357
1320358
2575875
1320359
1320360
1320363
1320364
1320365
2826797
1320366
1320367
2561273
1320371
1320373
1320374
1320442
3016452
1320445
1320447
1320448
1320450
1320457
1320459
1320783
1321763
1321764
1321765
1322119
3019647
1322121
1322122
1322238
1322239
1322240
1322241
1322243
1322245
1322246
2721124
1322251
1323330
1323337
1323351
1323353
1323365
1323367
1323749
1323840
1323850
1324082
1324084
1324088
1324090
1324092
1324096
1324489
1324877
1324950
1324958
1324978
1324980
1324982
1324984
1324985
1324986
1325266
1325267
1325278
1325282
1325294
1325791
1325792
1325794
1325795
1325799
1325800
1325803
1327159
1327160
1327161
1327162
2591625
1327165
1327166
1327168
1327170
2886615
1327171
1327174
1327176
1327181
1327252
1327281
1327282
1327284
1327288
1327289
1328815
1328819
1329419
1332122
1335118
1336338
2681566
1336360
1336364
1336371
3709452
1336378
1336383
1336941
1336949
1336951
1337942
2687184
1337942
1337945
1337948
1340440
1341542
1341691
1341692
2575871
1341693
2902683
1342774
1344727
1344731
1346283
3793450
1346291
1347486
1348653
2591684
1351621
1352422
1352985
1353025
1353052
1356384
1356495
1357461
1357746
1357780
1357839
1358487
1358488
1360032
1363665
1363666
1363667
1363668
1363670
1364113
1364610
1365055
1368844
2748337
1369232
1370867
1374905
1374907
1374908
1375685
1375688
1377196
1377198
1377203
1383328
1384977
1385633
1386883
1388153
1390340
1391449
1392790
1393964
1395686
1395724
3123764
1395793
1396586
1396969
1398380
1398484
1399290
1399367
1401575
1403162
1404754
1405222
1405600
1407830
1408326
1410475
1410783
1410804
1411641
1411643
1411644
1411645
1412381
1413484
2835822
1413485
1413523
1413531
2923237
1413535
1413539
3417586
1413551
1413566
1413570
1413571
1413573
1413581
1413582
1413583
1414484
1414492
1416125
1416128
1416145
1416156
1424257
1424264
1424267
1427726
1427729
1427730
1429183
1429186
1429190
1429198
1429711
1429717
1430006
1430907
1430929
1431188
1432000
1433041
1433042
1433043
1433044
1433045
1433321
1433506
1434929
1434930
2573513
1434931
1434932
2973659
1434945
1437358
1438284
1438475
1438481
1438482
1439475
1439478
1439483
1439484
1439662
1439837
1442924
1445499
1445516
1447305
1450531
1450533
1451018
1451417
1451419
1452900
1453535
1498756
1499932
1501709
1504210
1504234
1539562
1539565
1547625
1547911
1547914
1547915
1548331
1549129
1549131
1551095
1551097
1552410
3010231
1552412
1552415
1552428
1553150
3144075
1553154
1553157
1553878
1554226
1554263
1554267
1554273
1554361
1555183
1555188
1555191
3031751
1555193
1555195
1555647
1555650
1555651
1555653
1556871
1556878
1556880
1557850
1558111
1558654
1558669
1558671
1559740
1562653
1581160
1581162
1637591
3326317
3338575
1637592
1638684
1638687
2841276
1677076
1727906
1727913
1741377
1787772
1806242
1849780
1849782
1972895
1972922
2324947
2363474
2391604
2391652
2452037
2454276
2454280
2454283
2454296
2454923
2460826
2461656
2473722
2473740
3008456
2476072
2478531
2488614
2495884
2503166
2506012
2515660
2531230
2531235
2540349
2541733
2541736
2541757
2553655
2558819
2558820
2559905
2562518
2562519
2562524
2566220
2567724
2568526
2571412
2573382
2573388
2573513
2573756
2575832
2575834
3005336
2575867
2579779
2579802
2579807
2579811
2579811
2579812
2579813
2593799
2579813
2580030
2580034
2580038
2580042
2580044
2580046
2580050
2580050
2580057
2580060
2580063
2580104
2581089
2584805
2585981
2585993
2586156
3708560
2590024
2591650
2591749
2591759
2591764
2591778
2593367
2593379
2593801
2593804
2593808
2795498
2594796
2608996
2609048
2609409
2614654
2618574
2614741
2614744
2618580
2622764
2622765
2624860
2624865
2624868
2624894
2624903
2626170
2626176
2626184
2626188
2626194
2630169
2630179
2630183
2630196
2630200
2630202
2630212
2631658
2633243
2633289
2633290
2635916
2635924
2636185
2641032
2642399
2642413
2642430
2642434
2644793
2644795
2644836
2644913
2648296
2648323
2652926
2652926
2652943
2655031
2661469
2661484
2661488
2661544
2661841
2748328
2665410
2668669
2670377
2670598
2670598
2673377
2673378
2680200
2681571
2688039
2688056
2688097
2688120
2688154
2688175
2688533
2691690
2693695
2695095
2699904
2704938
2705395
2709231
2711354
2713535
2713536
2717088
2717288
2717299
2717304
2720926
2721356
2723112
2723117
2726397
2732161
2732167
2732432
2732446
2733701
2734481
2734485
2734936
2735008
2736882
2739135
2743157
2747948
2750737
2750749
2759686
2759741
2761567
2761578
2761615
2761716
2761832
2761838
2768767
2769601
2770151
2773378
2773380
3153034
2773845
2773906
2774237
2774240
2777159
2777164
2777237
2778638
2780160
2783638
2783666
2784246
2786513
2786931
2786934
2787581
2789967
2790257
2790270
2790469
2791377
2791400
2796487
2796527
2797827
2801809
2801843
2805681
2806219
2808285
2808323
2808349
2808371
2808493
2808541
2811124
2813677
2813708
2813723
2813735
2814836
2814844
2814846
2815321
2815336
2823771
2823784
2827617
2827827
2833512
2833931
2835741
2835743
2835747
2836626
2839527
2839545
2839677
2840604
2840604
2841180
2841218
2842172
2843816
2847859
2847935
2847888
2853097
2862397
2855848
2855857
2855859
2855861
2855866
2860742
2861265
2865090
2862217
2862359
2862402
2863658
2863958
2866417
2866418
2866419
2867947
2867948
2868045
2868046
2868681
2868684
2868694
2868702
2868700
2871345
2871351
2871361
2871382
2871389
2871433
2871438
2871443
2871910
2875326
2877418
2878546
2878596
2878624
2879816
2879849
2879860
2879888
2882678
2882778
2882785
2883385
2883398
2883513
2883515
2884304
2884709
2884790
2886647
2892483
2892490
2892493
2894502
2897101
2899280
2900634
2911301
2900639
2900647
2902693
2903501
2903504
2905452
2906823
2911303
2912423
2912431
2912442
2912454
2912569
2913496
3608753
2913501
2913506
2913511
2913578
2917451
2917460
2921524
2924506
2924510
2924518
2924523
2924525
2924546
2924552
2924616
2926499
2926814
2926836
2926904
2926948
2926967
2926975
2928039
2928051
2929181
2929998
2930500
2930531
2935009
3014707
2935051
2935056
2935473
2935568
2935581
2935583
2935605
2935606
2935617
2935619
2935621
2935674
2935622
2935626
2935627
2935629
2935630
2935631
2935633
2936261
2936277
2936291
2936336
2936414
2936837
2936845
2936875
2939775
2939780
2944993
2945061
2948138
2949695
2949785
2949820
2949824
2950702
2950705
2950714
2950738
2950743
2950805
2950810
2951857
2951891
2952018
2952030
2952484
2953545
2953553
2953576
2953580
2953583
2954159
2956359
2956715
2957995
2956723
2956840
2957943
2957951
2957952
2957964
2957972
2957976
3709405
2957985
2958233
2959021
2959023
2959031
2959059
2959118
2959295
2959620
2959699
2959708
2962107
2962138
2962150
2962158
2962706
2962711
2962716
2962729
2962734
2962737
2962739
2973211
2973235
2973275
2973285
2973302
2973312
2973352
2973374
2973467
2973381
2973452
2977254
2980554
2980594
2980608
2980652
2980682
2981063
2982202
2982694
2982701
2982705
2982743
2982749
2985184
2985194
2985247
2985629
2985641
2986012
2986198
2986706
2987711
2987760
2987775
2987798
2987847
2987964
2987965
2988335
2989506
2989888
2989894
2989899
2992594
2992630
2995798
2996482
2998988
2999658
2999672
2999677
3000061
3000077
3000089
3000119
3000124
3000125
3000146
3000150
3360849
3000168
3000176
3002881
3002895
3003515
3003516
3005328
3008167
3008446
3009014
3009449
3009817
3009891
3009897
3009904
3009950
3013379
3014569
3459887
3015856
3062917
3015883
3018989
3019355
3019521
3019526
3022222
3023433
3023444
3023944
3023962
3024327
3024886
3025856
3026092
3026362
3026368
3026371
3040331
3026415
3026506
3026509
3026517
3026539
3027831
3028978
3032759
3034956
3036555
3036592
3036608
3037422
3037565
3037583
3037586
3037596
3038050
3038055
3038168
3038782
3039523
3039599
3039611
3039612
3039632
3040330
3040369
3040373
3040824
3040827
3043794
3044191
3044195
3044198
3044208
3044211
3044663
3044667
3045358
3045458
3045466
3045546
3045549
3045584
3046409
3046411
3048863
3048872
3048878
3048995
3048996
3049716
3049735
3049747
3049761
3049848
3050310
3051120
3051139
3051158
3051904
3051923
3051954
3052181
3052313
3205922
3052320
3053052
3053184
3053423
3053442
3053453
3053482
3053559
3055283
3055287
3055346
3055396
3055439
3055471
3055953
3055963
3055967
3056676
3056698
3057571
3057614
3057627
3058012
3059553
3061220
3062181
3062542
3062742
3062860
3062874
3062880
3062957
3063896
3063923
3063933
3063938
3064077
3066657
3067121
3067131
3067137
3067170
3067179
3067183
3067186
3067328
3067347
3067388
3067414
3067433
3067440
3067915
3068408
3068428
3068927
3068997
3070143
3070161
3070277
3070519
3070524
3070879
3070888
3070895
3071463
3072240
3072244
3072273
3072772
3072791
3073312
3073708
3074135
3640562
3074152
3074924
3619597
3074934
3074950
3074951
3076205
3076404
3076565
3077588
3147708
3077604
3077608
3077620
3077628
3077941
3077943
3077951
3077956
3078010
3078721
3078742
3078749
3078757
3078766
3078785
3078790
3078876
3082409
3082424
3082434
3082444
3082456
3082624
3082629
3082631
3082634
3083261
3083269
3083498
3083501
3083517
3083566
3083599
3083633
3083647
3083650
3083691
3083700
3083728
3084535
3084705
3084718
3084803
3084842
3084942
3092514
3092517
3094265
3095621
3095749
3096887
3097743
3098045
3098055
3098057
3098058
3098084
3098102
3098104
3098107
3098108
3098110
3098112
3098121
3098123
3098169
3098318
3098319
3098328
3098720
3098723
3098724
3098726
3098743
3098750
3098760
3098797
3098804
3098809
3098906
3255840
3100216
3100225
3100226
3100231
3100271
3101360
3101362
3101363
3101828
3101839
3101847
3101848
3101850
3101879
3101916
3101924
3102128
3102143
3102146
3102165
3104258
3104530
3635687
3104549
3105001
3107223
3110077
3110113
3110115
3110132
3110134
3110135
3110144
3110154
3110174
3110180
3110251
3110624
3112112
3411782
3123672
3123742
3123748
3123791
3123793
3124970
3124977
3126660
3126664
3126667
3127270
3127277
3129706
3129729
3135050
3136419
3136427
3136941
3136964
3136990
3137267
3138875
3413452
3139584
3139595
3139674
3140148
3141472
3141479
3144059
3144071
3144720
3144722
3144725
3145039
3145043
3145046
3147718
3148575
3148582
3148590
3148594
3148624
3148652
3148704
3148718
3148726
3148728
3153159
3153162
3153171
3153177
3154313
3154344
3154652
3154654
3154961
3155024
3156442
3156638
3156645
3156837
3157473
3158698
3158704
3158722
3158728
3162438
3162669
3162701
3164682
3165953
3165972
3168899
3168902
3168919
3169018
3169914
3169915
3169931
3174395
3175068
3177706
3181409
3181414
3181474
3185118
3191244
3191245
3191246
3191247
3191248
3191582
3191585
3191878
3191881
3195986
3196517
3196520
3199387
3200352
3201090
3201091
3203026
3203029
3203032
3203038
3203044
3203157
3205999
3206140
3213437
3213440
3215404
3216875
3224845
3225161
3225302
3227933
3228013
3228097
3228100
3228155
3235171
3230208
3230216
3231293
3231308
3231317
3231328
3231332
3232050
3232292
3232369
3234993
3235021
3235024
3235180
3235187
3235188
3235191
3235812
3239066
3239220
3240983
3244394
3244417
3244422
3244429
3244474
3244478
3244484
3244489
3244554
3244556
3244560
3244569
3244582
3441326
3244853
3244854
3250473
3250488
3250502
3252034
3291785
3252776
3252782
3253369
3253372
3253379
3253383
3253414
3253583
3255922
3256315
3257097
3257102
3257106
3258039
3258757
3258759
3260810
3262789
3262862
3262875
3262913
3262917
3262935
3262941
3263196
3263201
3265530
3265658
3267598
3269725
3269741
3269766
3272542
3277326
3277481
3278493
3284079
3284091
3284573
3286864
3286879
3286975
3287381
3292609
3292727
3292740
3293280
3294988
3295894
3296628
3297681
3297791
3297804
3297934
3298876
3497104
3299384
3300819
3300822
3305632
3307905
3308385
3308388
3308389
3308391
3308584
3309532
3312788
3314630
3316246
3316253
3318996
3319002
3319942
3320202
3320229
3322481
3325399
3326174
3326930
3326937
3329264
3331127
3331195
3331673
3337860
3337865
3337870
3337879
3337882
3337923
3338442
3340535
3340641
3342944
3342959
3345673
3416010
3347358
3347381
3347752
3347755
3347769
3347774
3347776
3347779
3347791
3347796
3349177
3349189
3349215
3352060
3352593
3353081
3353197
3353467
3354048
3354163
3354219
3359620
3359625
3359632
3359663
3360780
3364486
3364941
3365744
3366370
3366377
3366392
3366396
3366400
3367898
3367921
3368768
3368770
3368771
3368773
3368774
3368776
3368778
3368779
3368792
3716576
3368833
3371654
3371655
3374958
3377211
3377257
3377389
3378547
3378549
3382260
3382270
3382332
3382336
3383268
3385974
3387743
3388244
3388252
3396060
3396808
3396812
3399383
3399428
3399649
3399655
3399668
3399669
3399693
3399832
3400662
3400740
3400743
3400756
3400762
3400767
3400987
3401008
3401011
3401015
3401137
3401312
3402226
3402227
3402231
3402404
3402488
3402489
3402497
3405886
3405887
3405906
3405997
3408307
3408311
3408312
3408314
3408316
3408323
3408326
3408331
3408433
3408531
3408569
3408578
3863110
3408582
3408595
3409261
3409270
3409277
3409348
3409351
3409483
3410595
3410698
3411783
3411787
3411827
3411828
3411829
3412112
3412118
3414467
3414469
3414470
3414472
3414968
3414987
3414988
3415046
3415055
3415073
3415118
3415123
3415328
3415335
3415750
3415774
3415798
3415807
3415806
3415969
3415988
3417287
3417288
3417289
3417291
3417292
3417293
3417295
3417359
3418588
3418608
3418709
3418726
3419302
3422520
3422526
3422531
3422533
3422534
3422550
3422554
3422648
3422649
3422660
3422669
3422694
3423060
3423089
3423147
3423586
3423614
3423618
3423620
3423621
3423622
3424389
3424406
3425466
3425899
3425902
3425903
3425905
3426766
3426806
3427069
3427106
3427147
3427150
3427166
3427206
3427228
3429528
3429529
3430386
3430387
3430626
3431481
3431609
3432068
3432087
3433780
3434765
3435686
3435687
3436245
3437847
3438440
3438827
3438967
3439459
3439622
3439629
3439670
3439679
3440125
3440130
3440133
3440135
3440427
3440488
3440495
3440713
3440726
3442007
3442086
3442106
3442107
3442126
3442146
3442166
3442206
3443146
3444595
3446866
3446886
3446888
3446926
3446946
3446987
3447066
3447087
3447089
3447091
3447094
3447095
3447106
3447108
3449406
3449407
3449408
3450666
3453526
3453907
3454488
3454618
3454624
3454632
3454729
3454741
3454754
3454761
3454840
3456690
3456692
3456700
3515645
3456706
3456756
3456762
3456769
3456774
3456867
3456868
3456870
3456889
3458612
3458630
3458847
3459566
3459828
3462066
3462268
3462367
3462426
3466316
3466327
3466412
3466421
3466496
3466504
3466508
3466547
3466548
3466785
3467353
3468084
3468091
3468142
3468144
3468148
3479060
3468151
3468894
3468959
3468968
3468971
3469095
3469097
3469098
3470401
3474575
3474828
3474884
3474889
3475026
3475032
3476183
3476206
3477848
3478158
3480109
3480133
3480165
3779272
3480172
3480174
3480177
3480182
3480308
3484568
3484571
3484586
3484593
3484598
3484603
3484953
3485029
3485031
3485046
3486526
3487226
3488046
3488067
3490448
3490472
3491308
3491326
3492486
3492487
3492488
3493146
3493987
3494726
3494800
3494824
3495223
3496207
3496208
3496763
3496837
3498526
3499133
3499657
3502786
3502806
3502827
3502831
3502906
3502966
3503607
3503646
3507186
3508267
3509546
3509569
3510806
3510827
3510987
3511034
3511040
3511044
3511047
3514143
3514157
3514168
3514178
3514230
3515907
3515912
3515935
3519614
3519826
3519828
3520342
3520345
3520989
3526206
3523209
3523213
3523223
3523267
3523291
3523652
3523706
3523804
3526186
3526907
3526909
3526926
3527592
3527597
3527600
3528790
3528792
3528794
3528799
3528804
3528876
3529045
3529257
3537606
3537631
3537887
3538687
3540706
3540727
3540767
3541611
3541701
3541703
3541719
3541746
3541767
3547588
3549547
3553907
3554507
3554534
3562330
3555266
3555467
3562367
3563046
3563066
3563067
3563100
3563438
3563442
3567566
3583247
3583566
3584068
3586268
3586506
3586686
3587809
3590563
3591560
3591629
3592607
3592627
3592738
3594486
3594506
3594526
3594527
3594529
3595139
3595396
3599615
3599628
3599774
3605077
3605460
3605695
3605749
3608563
3608890
3609984
3611938
3612494
3612500
3612524
3612526
3614438
3614520
3615131
3618382
3618550
3618697
3618721
3628606
3628953
3628971
3629163
3630867
3631810
3631840
3637614
3639340
3640551
3641412
3641541
3641586
3643690
3645128
3658204
3645348
3645558
3646437
3647946
3647954
3649024
3650641
3650647
3651594
3651766
3654172
3654177
3655886
3656230
3656234
3660613
3661628
3661703
3664657
3664921
3666060
3667355
3667371
3667376
3667721
3670501
3670907
3671153
3671158
3673215
3674337
3675059
3675098
3676238
3676783
3676867
3678433
3678441
3679560
3680034
3680036
3680037
3680127
3680049
3680052
3680059
3680126
3680635
3680745
3684380
3685366
3685410
3685505
3846352
3685517
3685571
3685642
3685645
3685646
3685661
3685862
3685940
3687246
3688086
3688089
3688606
3688646
3688669
3688671
3690806
3690826
3690827
3690828
3690830
3690865
3691327
3691347
3691356
3691373
3691424
3691808
3691818
3692500
3694035
3694065
3694319
3694085
3694314
3694344
3694346
3695446
3695615
3695967
3696055
3696152
3696229
3696232
3696243
3696250
3696267
3696470
3696510
3696512
3696543
3696589
3696590
3696591
3696593
3696734
3696735
3701381
3701386
3701389
3701409
3701489
3701505
3701568
3702588
3702590
3702721
3702817
3702828
3703391
3703392
3703444
3703918
3706124
3706130
3706174
3706199
3706203
3706405
3706465
3708070
3710123
3710144
3711375
3711822
3712221
3712230
3712260
3712264
3718815
3720006
3720287
3720502
3720961
3721028
3722341
3722958
3723244
3723248
3723252
3724423
3724424
3724534
3724569
3727409
3728977
3730995
3732243
3732254
3732554
3741076
3742613
3742750
3742769
3744192
3744208
3745262
3745328
3749091
3754699
3755201
3755533
3763635
3765743
3766444
3774054
3786729
3788285
3789880
3793202
3793462
3794020
3796906
3800280
3800284
3800376
3800388
3800576
3800580
3801210
3801217
3801417
3801421
3805080
3805795
3805939
3805994
3806073
3810029
3810863
3814506
3814792
3819665
3819669
3825429
3826781
3831868
3831878
3832453
3833621
3833623
3833665
3836334
3839207
3842697
3844872
3848624
3848699
3852676
3852780
3859177
3859181
3864311
3864406
3866759
3866949
3867190
3867240
3868950
3869174
3869177
3869215
3869227
3869241
3869374
3869738
3874891
3874895
3875157
3875172
3875178
3875180
3879730
3884313
3884320
3886210
3886220
3887552
3887590
3887790
3887964
3887978
3889280
3890635
3890709
3890727
3890737
3890742
3890909
3890923
3891369
3893439
3893447
3893452
3893460
3893691
3893857
3894564
3894572
3896715
3896828
3897156
3897161
3897164
3897172
3897214
3899211
3899222
3901328
3901422
3901430
3901441
3901458
3902790
3902798
3903055
3903060
3903157
3903159
3903168
3903192
3903198
3903199
3903203
3903208
3903275
3903278
3904266
3904268
3904287
3904293
3904295
3904333
3904338
3904350
3905562
3905564
3905570
3905578
3905585
3905590
3905647
3905653
3906470
3906488
3906491
3906493
3906498
3906531
3906535
3906556
3906551
3907270
3908690
3908700
3909179
3909181
3909183
3909185
3909214
3909216
3909225
3909229
3911590
3911664
3911667
3911691
3912012
3912017
3912020
3912049
3912050
3912053
3912066
3912229
3912452
3912565
3912571
3912755
3913506
3913590
3914299
3914332
3914336
3914340
3914772
3914945
3914950
3915050
3914959
3914961
3914966
3916311
3916651
3917290
3917338
3918070
3918825
3919167
3919170
3919179
3919190
3919250
3919275
3919277
3919278
3919290
3919442
3919447
3919562
3919590
3919715
3919726
3919735
3919746
3919747
3919780
3919817
3921055
3921219
3921270
3921370
3921433
3921437
3921446
3922301
3922793
3922800
3922837
3922916
3922918
3923291
3923343
3923356
3924377
3925508
3925510
3925511
3925512
3925523
3925524
3925530
3925533
3925535
3925539
3925543
3925544
3925547
3925554
3925556
3925558
3925575
3926193
3926234
3928205
3928211
3928517
3928615
3928622
3929052
3929786
3929929
3930737
3931673
3931680
3932143
3932673
3932951
3933384
3933484
3935174
3935860
3935884
3935890
3935893
3936572
3936812
3936813
3936833
3937371
3937696
3937698
3938378
3938386
3938400
3938885
3938890
3939088
3939094
3940625
3943653
3943661
3943670
3943675
3943690
3943692
3943729
3943733
3943739
3943741
3944024
3944092
3944229
3944236
3944250
3944270
3944271
3944272
3946311
3946372
3946916
1313362
1313363
1313370
1313373
1313375
2573405
1313376
1313378
1317574
2594801
1317582
1317583
2575877
